100
89447
249797
490597
91558
129131
237229
370885
77697
100
371580
46009
477401
486152
194408
452299
43720
361450
438213
34413
145536
86689
267965
286368
154037
292572
413590
312606
397789
173587
292415
500
322607
491259
3230
393478
261572
236345
434671
485829
344739
48349
85750
489779
101690
269369
402008
230425
69195
181221
237108
479856
318394
200
126842
387737
14869
172498
438874
171799
312478
442389
129629
180364
268410
277610
385093
356664
37398
400423
257738
384545
51986
48741
384234
300
465519
206471
86290
172410
10008
291474
374691
256961
318585
118647
346885
435025
150961
435575
129027
43977
188918
349752
300328
153534
258851
400
247222
388099
142436
105
89447
249797
490597
91558
129131
237229
370885
10
77697
100
371580
46009
477401
486152
194408
452299
43720
361450
438213
34413
145536
86689
267965
286368
154037
292572
413590
312606
397789
173587
292415
500
322607
491259
3230
393478
261572
236345
434671
485829
344739
48349
85750
489779
101690
269369
402008
230425
69195
181221
237108
479856
318394
200
126842
387737
14869
172498
438874
171799
312478
442389
129629
180364
268410
277610
385093
356664
37398
400423
257738
384545
20
51986
48741
384234
300
465519
206471
86290
172410
10008
291474
374691
256961
318585
118647
346885
435025
30
150961
435575
129027
43977
188918
349752
40
300328
153534
258851
400
247222
388099
50
142436
